0 0.92421875 0.240625 0.03671875 0.04921875
0 0.946875 0.328125 0.04453125 0.046875
0 0.98125 0.50390625 0.0375 0.0703125
0 0.978125 0.63125 0.03359375 0.0703125
0 0.69140625 0.61875 0.09140625 0.06015625
0 0.703125 0.30859375 0.0625 0.06484375
0 0.4703125 0.2984375 0.03359375 0.1015625
0 0.33203125 0.45703125 0.07578125 0.08046875
0 0.4703125 0.70078125 0.07578125 0.05234375
0 0.15078125 0.603125 0.05234375 0.06015625
0 0.0328125 0.51953125 0.0390625 0.04921875
0 0.04296875 0.6546875 0.0390625 0.04921875