0 0.91640625 0.2328125 0.03671875 0.04453125
0 0.95546875 0.3265625 0.03671875 0.0390625
0 0.98203125 0.50390625 0.03125 0.0703125
0 0.9765625 0.62890625 0.04140625 0.06015625
0 0.7046875 0.625 0.06015625 0.07265625
0 0.7046875 0.30859375 0.0703125 0.07578125
0 0.47265625 0.31015625 0.06484375 0.078125
0 0.3375 0.453125 0.07578125 0.078125
0 0.4671875 0.69375 0.0703125 0.0546875
0 0.16171875 0.60703125 0.05234375 0.0625
0 0.0328125 0.5171875 0.0390625 0.0546875
0 0.03359375 0.66640625 0.046875 0.0625