0 0.9234375 0.22890625 0.03359375 0.05703125
0 0.9453125 0.3203125 0.05234375 0.05703125
0 0.98046875 0.49765625 0.03359375 0.06796875
0 0.9609375 0.60703125 0.03125 0.05234375
0 0.709375 0.61875 0.07578125 0.06015625
0 0.70859375 0.3125 0.05703125 0.08828125
0 0.47109375 0.29921875 0.04140625 0.07265625
0 0.33984375 0.45546875 0.06015625 0.07265625
0 0.4828125 0.709375 0.09140625 0.06015625
0 0.15625 0.60390625 0.046875 0.04140625
0 0.040625 0.66171875 0.02890625 0.05234375
0 0.0296875 0.521875 0.02890625 0.04921875